-122 121 116 
122 -121 
122 -116 
121 -120 -117 
-121 120 
-121 117 
120 119 118 
-120 -119 
-120 -118 
-119 -18 -17 
119 18 
119 17 
16 118 
-16 -118 
15 117 
-15 -117 
116 -15 -115 
-116 15 
-116 115 
120 115 
-120 -115 
-114 113 111 
114 -113 
114 -111 
113 -18 -112 
-113 18 
-113 112 
16 112 
-16 -112 
111 -16 -110 
-111 16 
-111 110 
18 110 
-18 -110 
-109 108 102 
109 -108 
109 -102 
108 -14 -107 
-108 14 
-108 107 
106 107 
-106 -107 
106 -105 -16 
-106 105 
-106 16 
105 119 104 103 
-105 -119 
-105 -104 
-105 -103 
13 104 
-13 -104 
15 103 
-15 -103 
102 -106 -101 
-102 106 
-102 101 
14 101 
-14 -101 
-100 99 52 
100 -99 
100 -52 
-99 98 78 
99 -98 
99 -78 
-98 -97 -87 -83 
98 97 
98 87 
98 83 
-97 96 88 
97 -96 
97 -88 
95 96 
-95 -96 
95 94 93 
-95 -94 
-95 -93 
15 94 
-15 -94 
-93 -92 -89 
93 92 
93 89 
91 92 
-91 -92 
-91 -90 -16 
91 90 
91 16 
18 90 
-18 -90 
17 89 
-17 -89 
12 88 
-12 -88 
-87 86 84 
87 -86 
87 -84 
85 86 
-85 -86 
85 89 91 
-85 -89 
-85 -91 
11 84 
-11 -84 
83 82 79 
-83 -82 
-83 -79 
82 -81 -10 
-82 81 
-82 10 
81 80 90 
-81 -80 
-81 -90 
16 80 
-16 -80 
79 -16 -9 
-79 16 
-79 9 
-78 -77 -65 -60 
78 77 
78 65 
78 60 
-77 76 66 
77 -76 
77 -66 
75 76 
-75 -76 
75 -74 -73 
-75 74 
-75 73 
74 13 17 15 18 
-74 -13 
-74 -17 
-74 -15 
-74 -18 
73 72 71 
-73 -72 
-73 -71 
8 72 
-8 -72 
-71 -70 -67 
71 70 
71 67 
69 70 
-69 -70 
-69 -68 -16 
69 68 
69 16 
14 68 
-14 -68 
7 67 
-7 -67 
6 66 
-6 -66 
-65 64 61 
65 -64 
65 -61 
63 64 
-63 -64 
63 -74 -62 
-63 74 
-63 62 
62 67 69 
-62 -67 
-62 -69 
5 61 
-5 -61 
60 59 55 
-60 -59 
-60 -55 
59 -58 -4 
-59 58 
-59 4 
58 -74 -57 
-58 74 
-58 57 
57 56 68 
-57 -56 
-57 -68 
16 56 
-16 -56 
55 -54 -3 
-55 54 
-55 3 
54 15 93 53 
-54 -15 
-54 -93 
-54 -53 
13 53 
-13 -53 
52 -51 -1 
-52 51 
-52 1 
51 -74 -50 
-51 74 
-51 50 
50 8 71 49 
-50 -8 
-50 -71 
-50 -49 
2 49 
-2 -49 
-48 -47 -45 
48 47 
48 45 
-47 46 13 103 
47 -46 
47 -13 
47 -103 
120 46 
-120 -46 
-45 -44 -13 
45 44 
45 13 
-44 119 103 118 
44 -119 
44 -103 
44 -118 
-43 -42 -37 
43 42 
43 37 
-42 41 2 38 
42 -41 
42 -2 
42 -38 
-41 -40 -7 
41 40 
41 7 
39 40 
-39 -40 
-39 -14 -106 
39 14 
39 106 
8 38 
-8 -38 
-37 -36 -2 
37 36 
37 2 
-36 39 35 38 
36 -39 
36 -35 
36 -38 
7 35 
-7 -35 
-34 -33 -32 
34 33 
34 32 
-33 41 8 
33 -41 
33 -8 
31 32 
-31 -32 
31 38 30 
-31 -38 
-31 -30 
30 -40 -7 
-30 40 
-30 7 
29 28 25 
-29 -28 
-29 -25 
28 -27 -26 
-28 27 
-28 26 
-27 -18 -16 
27 18 
27 16 
17 26 
-17 -26 
25 -17 -24 
-25 17 
-25 24 
27 24 
-27 -24 
23 22 20 
-23 -22 
-23 -20 
22 -39 -21 
-22 39 
-22 21 
7 21 
-7 -21 
20 -7 -19 
-20 7 
-20 19 
39 19 
-39 -19 

